11919,1762
11812,1204
12063,9965
64361,8897
10802,3032
43,5803
43,462
110,2921
111,2569
114,6393
108,2611
163,121
23,8894
4,3134
6,6131
34,3539
25,055
87,066
38,1589
71,714
55,5454
84,5305
99,0506
17,7054
49,4116
0,0269
3,2423
41,931
36,1336
103,8508
34,0892
44,977
103,8706
104,4717
42,4584
119,9006
7,247
37,4782
29,0859
90,8593
37,9922
41,4255
31,781
65,6578
111,8339
19,5866
52,5004
21,7821
11,2936
42,9765
48,9049
102,7409
37,0308
41,014
67,291
87,3987
43,0846
153,9373
13,5326
65,575
34,3123
152,4681
5,5734
52,2797
46,9477
37,688
50,8411
93,6968
25,5929
41,1305
35,4666
3,9239
39,2988
59,9147
138,9508
32,5357
45,6832
83,291
126,1808
76,7768
105,5408
71,5052
94,8048
34,8625
6,2797
165,4364
91,0181
66,4233
37,1084
44,3406
64,4385
21,8453
42,8892
68,5948
68,2838
54,155
34,371
35,7455
60,1467
0,006
35,5652
1,6684
48,0915
45,77
33,5713
65,1662
21,2093
39,6546
39,6449
65,8824
1,786
0,0023
28,9252
0,0073
0,0022
64,498
54,9265
41,2344
2,7977
0,0047
56,1989
36,2043
37,3158
61,5258
40,0395
37,1209
1,4662
47,9415
49,0769
24,0334
75,7842
18,1211
45,2697
40,4878
61,0598
1,8582
0,0025
31,8016
0,0052
0,0023
59,8389
42,2911
36,9422
2,6225
0,0022
54,7292
33,4741
35,7495
59,8634
38,028
38,044
1,4561
48,6418
48,6306
25,2355
81,8032
19,247
46,5444
39,8535
58,67
1,7566
0,0022
32,8823
0,0045
0,0024
62,4892
44,5243
42,0391
2,7701
24,9384
60,4962
35,0756
36,634
67,9096
37,6877
39,5472
1,4909
47,3252
48,3659
24,3046
79,6903
18,5177
46,6711
49,9211
60,938
1,8131
37,5922
30,0203
55,227
5,2474
63,152
42,7495
26,3217
2,5829
22,7592
53,2798
34,5912
35,9179
62,2678
38,5656
36,9701
1,4568
44,5397
45,3201
24,2455
73,1459
19,2657
46,4967
40,6383
58,917
1,76
36,6957
29,99
53,5243
4,9445
60,3464
41,3968
26,3994
2,5649
22,7248
46,9546
69,3034
18,606
4,2303
116,8589
66,9227
46,7303
26,389
30,807
29,0152
22,6691
24,2944
48,6947
46,6463
2,7157
23,5458
16,9937
55,6265
2,1045
23,3561
34,6218
16,4431
35,4624
74,7704
23,6276
27,8316
20,1396
2,4752
27,8948
31,9665
81,5988
22,0779
34,9712
50,6783
46,7095
31,893
74,4803
36,0786
64,9018
21,6117
127,0333
59,4716
35,8075
37,2346
64,3481
37,4622
40,735
1,4923
50,6205
49,2847
37,6637
97,7933
23,3114
46,4915
42,4707
60,4797
1,8162
38,9074
32,5884
57,5868
4,9884
63,5409
43,2571
27,3167
2,5826
23,0003
50,3574
67,371
18,402
4,2767
131,8813
68,111
50,0217
26,427
31,464
34,7952
21,5961
30,0047
49,6299
46,4547
2,9269
22,6828
17,1305
54,6607
2,1384
25,3186
35,4653
16,6265
34,9458
90,1343
34,7248
30,2609
22,7657
2,9128
29,7558
35,9646
85,7656
22,4954
34,7841
51,1623
46,6673
32,3545
79,1372
17,9418
1,858
61,9805
4,8887
6,9819
2,6748
1,1833
35,7597
6,9641
83,2274
7,7398
5,3309
32,7955
3,2599
6,2915
6,4637
45,1559
43,3139
8,7528
2,0455
0,0026
1,2266
31,9205
23,5428
2,9824
3,5255
11,5162
0,9754
5,1726
0,8944
3,5324
0,3617
30,1642
6,4548
11,7615
2,9462
51,1988
2,4902
0,0164
17,716
1,9034
18,6509
5,4703
8,5814
3,1799
1,5061
42,0178
7,2294
87,6806
8,7521
5,9944
35,5057
3,33
6,6305
6,4096
46,84
45,5575
8,8586
2,0945
31,1484
1,1954
20,371
31,2154
2,9467
3,9226
4,4947
0,8929
5,1035
0,9127
7,1352
0,338
27,1406
3,231
14,8006
2,9238
49,8118
2,2505
53,7695
16,8736
2,0244
18,0011
5,2782
7,3732
2,8848
1,2689
38,5064
7,059
88,1572
8,3829
6,0411
38,0636
3,1788
6,7841
7,156
48,9381
47,4314
9,0885
2,0239
31,9911
1,1983
20,4141
29,716
3,4123
3,3153
4,1951
0,9063
5,125
0,9597
6,3792
0,3465
27,1059
3,0666
14,0108
2,8296
49,5061
2,2444
52,9124
16,8912
2,2294
21,4172
5,2622
7,6601
2,9439
1,5113
40,053
7,1374
87,3559
7,7413
5,2667
33,5382
3,3656
6,2772
6,3783
49,1893
37,5775
16,9924
1,9902
20,4087
1,1831
24,1978
22,6375
2,9732
3,4849
8,7637
0,9209
4,7642
0,8547
3,1359
0,3747
29,2601
3,076
11,3065
2,8362
46,5206
2,3007
51,8807
17,5621
2,0369
22,0495
5,5774
7,3899
3,1093
1,2967
42,506
7,6034
87,3218
11,0436
7,5166
38,4216
4,5196
6,3034
6,4027
48,8233
36,8757
17,1955
2,0014
21,2221
1,9018
28,2272
22,5096
2,9306
3,651
8,6852
0,9035
4,9226
0,8812
3,1796
0,3722
30,4353
3,1539
11,8412
2,9759
48,4563
2,3726
53,8602
48,4179
44,0669
29,5265
55,0554
29,5581
36,287
63,4702
50,5276
6,2187
93,6491
28,7977
33,2235
54,9609
43,2877
31,2968
52,8691
27,6277
32,2939
59,1473
46,8829
5,9267
84,4879
27,405
30,8577
84,4856
34,9391
24,5235
57,065
41,0856
4,9137
33,4443
19,166
102,6154
2,4457
45,5399
22,7066
54,6906
53,3346
37,7496
88,6675
27,6181
48,9193
40,4916
40,8434
51,7642
75,1131
4,381
32,336
42,5905
14,301
70,4152
46,1307
51,3026
35,7259
69,4154
3,5184
98,4806
88,5036
36,0339
65,4654
70,3831
72,7675
56,619
38,9965
11,5321
81,1351
59,3079
86,2635
49,9178
87,2084
107,8934
82,4123
64,9036
108,9614
30,0771
42,4769
3,9217
127,6079
63,7832
63,6751
32,3283
33,937
67,6919
83,2334
16,3654
102,8012
61,5773
16,267
4,5905
76,5802
146,5343
81,991
105,6059
13,4882
50,3874
6,1667
65,0273
73,5151
52,3864
37,5339
34,9932
35,6138
30,2166
0,0039
1,95
144,6518
0,6288
79,7057
35,8773
41,1421
0,0094
163,7997
111,9579
137,884
14,2033
65,2445
6,6483
77,2698
96,336
60,5791
38,7237
36,9283
37,8525
31,4097
1,1537
2,8215
180,7473
0,6076
89,0272
37,1241
43,0792
82,1547
88,0374
70,4163
57,844
2,8537
76,185
60,7453
61,6947
41,5924
81,8035
70,2539
54,3337
59,4013
67,5206
34,6258
51,6002
3,6521
187,6596
115,3202
101,0682
119,7295
40,0287
108,8787
184,491
3,8876
81,8681
51,0531
93,1125
61,9314
1,1294
74,4571
75,2768
49,4509
95,7971
121,7853
82,071
2,7373
77,6683
39,6192
62,9053
44,6809
34,4317
53,4005
28,9037
34,3557
62,6808
51,7364
6,4649
97,7069
30,3844
34,1256
49,0397
42,2864
29,615
55,4137
27,8015
37,4973
64,0036
52,0335
6,5624
96,3512
28,86
33,8525
155,068
2,017
112,4362
1,4847
109,1818
67,4736
43,2008
55,5085
68,154
70,4855
96,1458
6,0022
33,3172
71,8535
53,2811
48,8415
57,8658
29,7487
26,6332
72,3878
80,4965
108,1198
1,2107
56,5987
35,5687
36,7911
64,3748
39,5433
39,2917
1,545
77,4054
46,3338
31,0431
68,6791
23,8535
46,1347
40,1215
58,9923
1,805
35,5653
24,9175
58,6331
10,7202
59,9284
45,2792
25,7331
2,6418
23,4156
54,5338
70,3436
20,0141
4,4851
118,6899
67,815
53,6722
27,5025
33,2938
36,1047
15,2504
32,0747
51,1833
51,4283
2,8498
21,6736
24,3887
62,2387
2,0164
19,0404
35,8299
20,1634
30,0485
75,7386
16,0632
34,3195
15,1912
2,5055
34,2621
55,6122
77,6308
28,8871
30,2578
48,5528
50,4768
44,7427
70,8553
24,7047
1,6818
72,2985
10,751
6,6001
2,7377
1,1676
36,9997
6,6103
72,8069
15,8092
5,7586
38,6726
3,1768
6,4174
6,2921
44,3191
43,5802
8,855
2,2253
24,3816
1,245
20,4949
29,3331
3,0685
3,4092
4,3155
0,9463
5,1826
0,8739
3,3099
0,3544
31,1831
3,1397
11,965
17,9345
58,1805
2,3823
61,5567
38,3727
42,4548
50,8715
25,8099
33,9227
82,6361
48,242
6,0976
76,6413
42,8884
39,1069
67,0588
23,251
21,286
40,2022
32,9446
4,6239
25,9981
21,3887
88,802
2,2179
33,2615
23,4958
39,3082
33,0377
39,2101
57,1078
29,6562
41,0427
27,7322
37,7315
24,6137
62,9829
2,8314
18,1809
35,7903
12,3238
62,1727
36,9338
45,4263
27,2511
65,3878
3,085
76,7562
41,0863
56,4025
70,2461
62,856
51,3304
37,0631
12,1435
72,5028
62,2587
72,9612
52,0055
72,5544
101,046
83,6415
63,7563
106,9946
35,92
36,5218
10,1078
108,0059
71,2644
63,134
31,3743
33,7773
69,8549
84,8755
16,2546
101,931
67,1621
10,5941
4,7613
80,0146
141,8646
74,3954
95,967
13,7563
60,4692
5,9906
72,2508
65,9799
45,4904
40,2139
25,118
35,5785
32,8599
0,7915
1,7873
139,7046
0,8378
73,6361
44,8264
45,9097
87,469
87,354
66,9737
57,3764
3,3817
91,4221
72,6681
68,5076
63,2778
120,2214
99,7695
75,8561
71,9953
57,1735
37,8051
53,3264
3,8817
173,9377
106,3496
104,4269
115,49
37,3332
99,294
176,5727
3,6751
51,7558
96,582
51,5042
1,2811
71,8368
83,2095
49,4966
84,0366
121,4112
75,307
2,706
67,279
42,3471
163,7116
2,0594
90,1953
1,4702
101,8784
62,8153
44,3727
58,0302
63,8476
69,0229
92,8622
6,7814
33,4187
74,2427
45,9565
50,3401
53,8432
52,4674
28,8229
80,1096
61,4879
103,2573
1,0304
62,3005
35,3226
36,7122
62,95
38,1888
39,0046
1,5176
46,3133
48,4756
24,5775
74,5955
18,5409
45,9538
39,7305
58,0439
1,7902
36,9253
29,9908
57,3677
5,1217
66,14
43,3232
26,9722
2,7322
23,8172
49,321
76,1933
20,1472
5,3756
135,0752
73,6208
54,0608
29,6361
35,6926
35,1851
26,359
27,0777
53,5929
49,4019
2,7694
22,7025
17,2768
55,4399
2,2102
24,1314
35,8804
17,1989
36,8937
88,05
23,9467
28,0963
20,5368
2,4712
27,4475
32,8298
80,3445
22,8268
35,1885
50,7101
61,6965
37,6978
96,0503
15,3175
1,7251
20,325
9,4742
7,0219
3,0769
1,1573
40,4859
8,5838
80,5699
13,8445
5,3936
30,5805
5,532
6,3494
6,5223
48,767
38,8683
14,9945
2,0113
20,9189
1,199
26,2398
23,2074
2,8622
3,3334
15,853
1,1824
4,8154
0,8647
3,1947
0,3714
30,4559
3,101
11,4531
2,8584
47,5798
2,3394
52,8323
46,2656
32,8323
30,5323
50,1023
31,3828
30,3648
69,5541
56,4562
6,2702
79,2064
35,6817
41,7455
71,8663
27,2189
21,1589
43,0642
34,0643
4,5021
25,9064
22,4551
83,2818
4,785
37,9988
18,8029
40,1596
39,1362
40,528
58,0945
22,8365
40,7931
33,3859
39,0379
34,4677
64,7915
2,8436
18,2615
35,9568
12,8418
58,8863
55,8817
58,0348
32,4763
63,2337
3,1858
82,804
73,9847
40,853
58,2073
74,0866
59,5072
49,1582
32,6308
10,8033
76,6124
60,696
73,8856
50,2973
73,8708
101,9149
83,959
63,6535
108,3849
34,7292
35,6573
10,8597
106,8896
70,5946
62,676
31,5355
35,3331
63,9531
82,7374
16,3663
102,5707
66,1217
10,0202
4,4566
75,6231
135,8461
70,6953
91,5353
13,1633
47,623
5,7512
69,551
63,3826
45,116
40,0039
25,1132
35,4618
33,1171
0,7343
1,7922
152,8908
0,6891
90,3082
42,5534
42,8514
84,1955
83,5493
63,5879
49,5133
2,8302
78,3238
59,9194
57,9457
42,5594
81,5265
66,9847
53,0449
68,8092
53,7415
37,1238
51,4903
3,8319
163,27
96,847
100,4161
111,1241
35,9891
99,4952
176,1523
3,9324
77,6008
67,9135
91,8362
51,5578
1,1539
77,5118
76,3349
47,2094
88,3493
124,8868
80,5994
2,8393
71,5725
45,8211
159,339
1,989
89,0315
1,5512
98,476
68,5442
44,2791
55,7982
55,305
66,2181
100,7182
5,9571
33,6171
74,4268
41,7893
51,7206
50,6362
53,1213
34,2088
19,6773
85,0053
66,959
98,5954
1,0631
58,9913
34,7555
36,2133
59,8619
37,3778
38,0207
1,486
45,1287
46,652
24,343
75,5241
18,9763
47,0181
39,8952
58,1418
1,7945
36,7957
30,5148
53,5993
4,9819
61,4085
41,6493
26,1656
3,109
22,968
47,2291
75,1833
21,6802
4,4801
152,8185
69,8153
52,7434
28,0461
31,0888
30,2402
21,982
24,756
50,185
52,1985
2,8378
23,4644
18,8053
56,8872
1,9323
24,1486
43,4184
17,8484
38,0798
86,5361
27,1388
28,2424
23,7302
2,6047
29,1247
33,4213
85,4406
22,5171
35,5819
51,3227
48,6757
32,2727
74,9303
14,8545
1,6692
17,875
9,7365
6,5331
2,6887
1,1654
39,4248
6,7134
74,0179
13,9963
5,5688
29,4967
5,3462
6,1728
6,4975
47,5816
36,8691
14,9847
2,0029
20,8327
1,2034
25,0949
22,6243
2,8766
3,304
15,5994
1,0286
4,8253
0,866
3,2047
0,3703
30,2428
3,1334
11,4288
2,8901
47,1587
2,3896
51,3748
47,2634
32,5876
32,5328
49,6605
29,1296
29,52
66,8914
48,1494
5,9971
71,6072
30,744
39,0473
65,5458
22,9834
20,3903
40,2564
35,6499
4,7635
25,5506
21,4142
80,5134
4,6204
34,8202
18,206
38,8873
36,6358
37,9617
55,654
22,1737
38,7661
31,6154
39,3316
33,247
64,0092
2,8104
17,9653
35,3101
12,2236
55,4351
55,8974
62,1877
37,1884
60,9936
3,0904
82,2913
72,7299
43,2846
53,3873
71,2463
58,7893
48,9342
34,064
11,1417
90,9937
59,0875
71,5859
47,6531
70,2113
101,3724
83,2849
57,1566
107,926
39,8962
35,8869
9,6926
92,2944
56,608
60,4074
29,7984
38,7386
59,2389
100,8104
16,8974
126,1704
61,174
12,6995
5,8502
79,8691
132,6166
75,1331
99,0876
12,5729
43,3227
5,7008
60,3992
69,2843
49,1549
33,0702
27,5513
27,4717
32,5477
0,746
1,7359
135,3136
0,6027
70,329
41,4664
41,5489
74,9682
82,057
62,1522
48,8879
2,9146
77,3428
58,6266
57,1982
42,6802
80,4348
67,8563
51,136
64,5773
52,3659
36,3296
51,2414
3,6615
162,1527
95,8289
100,5891
122,0823
34,3494
95,8505
172,2501
3,7135
70,7276
61,6991
87,7328
51,7695
1,1169
75,1967
73,8458
45,7661
81,824
116,701
92,578
2,8111
67,9434
39,158
144,6917
1,969
86,2069
1,6075
97,5475
69,595
43,3773
52,4198
52,1279
63,8104
104,0925
6,0111
32,6726
78,3779
36,8531
50,1509
56,9271
63,3288
29,1376
24,4019
76,4602
69,0585
113,2395
1,2506
23,8589
69,0628
82,7989
7,4031
25,483
43,125
2,4299
40,6207
61,2956
52,4451
39,726
71,8944
30,9588
33,6951
42,996
80,6795
4,9887
65,6839
57,3913
28,8301
3,5175
70,5535
9,6108
52,9332
53,9909
35,3199
35,4424
64,6657
41,2482
37,1159
1,4681
44,2451
45,2618
24,0628
75,1282
18,26
44,9948
41,1161
57,7386
1,7645
37,0504
29,882
53,3913
4,9148
60,7749
41,3809
26,1415
2,5881
22,8284
46,9076
66,0797
18,0686
4,3144
125,3119
65,2581
46,6582
26,1566
30,8276
29,3357
21,4416
24,2144
46,6005
47,356
2,8449
22,9499
17,1609
55,2608
1,9089
28,6049
44,7153
18,8273
40,941
111,7908
24,0676
28,3554
25,8034
2,7268
29,1713
32,132
80,6651
22,0257
36,8206
52,4295
47,7384
33,283
72,3917
14,3298
1,642
17,5971
9,4577
6,5717
2,5692
1,1491
38,44
6,3748
71,3868
12,8618
5,5164
29,4852
5,3734
6,0645
6,3111
52,0505
39,2217
16,8122
2,0779
21,9305
1,1968
27,5673
23,9156
3,1947
3,2972
15,4822
0,8972
4,8389
1,0444
3,6908
0,3499
29,3369
3,0708
11,2554
3,1632
51,2099
2,2636
53,7694
49,0074
31,8819
29,4181
48,0402
29,1582
29,9655
66,6566
47,0695
5,9126
71,328
30,3564
38,5519
64,1823
22,5926
20,1621
39,3906
33,0016
4,4041
25,2193
22,6213
81,6666
4,5518
34,6093
17,9298
38,9345
36,4318
37,9494
56,3807
21,84
38,73
31,4851
37,629
32,7831
62,7687
2,7849
18,4953
36,8181
12,0367
55,0762
52,6277
48,8103
30,5582
60,0286
3,3518
80,2914
70,2947
42,6734
54,293
70,2501
71,2735
53,8611
34,091
10,9638
85,4614
56,8458
70,9114
46,9944
69,3641
100,1877
82,3637
57,4711
107,7633
38,6752
35,4018
9,5251
93,1894
56,6578
60,0856
29,201
38,1684
58,3362
85,7762
15,3511
97,8158
58,9496
10,4369
4,5266
76,3402
128,6517
71,8739
94,2981
12,4226
45,0101
7,6139
73,2359
87,2033
58,8519
33,0771
26,4049
29,3986
35,6618
0,7802
1,8107
131,5712
0,5972
72,478
41,505
43,2316
88,638
81,7233
62,0095
48,5736
2,8436
75,852
58,7788
59,6181
42,4968
80,4875
66,419
50,5876
64,5576
52,3641
36,0118
48,5147
3,6988
158,9664
99,8332
101,091
110,2129
34,0283
97,3344
168,3987
3,6413
70,3421
59,9229
86,2094
48,5581
1,1136
75,2423
75,4396
45,4244
81,3858
113,2836
79,4922
2,7435
68,0767
38,8954
145,0745
1,9361
85,7036
1,5651
95,0246
66,3893
42,4056
51,7696
53,0461
64,7423
107,6776
5,6957
32,1587
77,5829
35,7113
48,5779
56,1185
65,3902
28,5189
25,263
56,7713
61,6206
111,8499
1,0197
30,1305
54,7874
76,0205
7,3042
23,349
33,383
2,3374
41,3686
63,8331
56,0747
41,6643
64,0238
27,7139
31,6932
49,2746
98,5502
4,7153
65,3292
59,2841
29,0142
3,3633
73,2458
2,8619
49,7742
50,7955
16,2678
45,4115
32,0075
34,6601
57,5762
20,3329
0,0063
48,6234
26,886
43,6808
3,0648
0,0023
42,735
70,6954
68,0437
0,0053
1,4893
31,8501
46,7374
34,493
17,3874
45,8961
63,7556
44,2476
36,757
64,7239
36,871
39,4569
1,5293
47,3852
48,2715
24,1608
76,4047
18,6184
47,4613
41,7001
60,7564
1,8301
38,0632
30,3782
56,8628
5,0112
64,7455
43,8417
25,8241
2,9195
23,0043
46,6605
66,7397
18,9247
4,161
117,8295
64,3697
46,6164
26,6454
31,8947
28,8564
21,447
24,751
46,6216
46,2973
2,7242
22,4209
18,0047
55,0516
1,9003
23,5874
34,902
16,5324
34,8207
87,2538
25,157
27,9907
19,9341
2,4687
27,1886
31,9914
79,3545
22,4285
35,1905
51,6964
47,8923
30,9595
73,9889
14,2421
1,636
17,5669
9,7747
6,4219
2,5586
1,1462
44,3267
7,4877
86,3523
16,0335
8,1227
36,0293
8,026
7,3001
6,5248
52,257
38,4691
17,1339
2,1192
24,2891
1,2056
27,1141
23,5182
2,9201
3,5709
17,7185
0,9175
5,1151
0,8734
3,2648
0,3698
33,8393
3,5408
12,1165
3,0628
56,5275
2,4529
56,868
50,3033
36,0557
30,7631
50,2339
33,0355
31,7559
76,0863
55,8483
6,5581
78,1339
35,7364
42,2846
73,436
26,3956
24,4251
50,2222
49,7259
5,3518
30,9681
27,2339
111,4301
5,9378
47,8247
20,5476
44,7664
40,1138
43,4314
68,4212
24,1627
42,8276
34,648
43,4858
36,3893
73,112
2,9013
18,8666
36,4731
12,5823
55,7375
53,8639
52,748
32,584
62,6499
3,2868
80,8993
74,2806
44,8342
53,1418
71,6907
58,8323
48,3306
33,823
11,3813
93,0096
56,6051
71,7115
46,5785
69,9233
100,6504
83,6638
56,6321
107,3178
39,2976
35,5898
9,991
91,5871
56,8191
60,8098
30,5148
37,9049
60,0642
86,0322
15,3914
99,9667
58,7558
10,6503
4,6022
78,8304
128,7562
72,1774
94,4068
12,5705
43,1438
5,9566
61,1341
69,4589
47,7802
32,9204
26,407
26,6323
31,9388
0,7357
1,7303
130,994
0,5968
69,3317
41,3731
40,7861
78,3279
83,2218
61,4189
47,5765
2,7981
76,4382
57,9809
56,6049
42,1129
79,1694
67,5914
50,1753
64,4419
51,5085
35,3794
48,1473
3,602
156,7817
94,2399
100,1259
117,2741
33,8104
94,5598
170,4741
3,6334
69,9237
175,79
107,5495
67,0124
1,1115
88,9422
82,2646
58,9133
103,268
136,3642
98,5003
3,1549
82,5272
44,6049
179,5165
2,1334
98,6719
1,5064
105,6341
73,0565
47,7506
61,626
63,4332
79,9806
129,6711
5,8197
40,5217
93,6794
41,554
59,8735
68,0236
68,677
31,2334
31,1347
84,4501
74,2544
99,2652
1,0492
21,117
54,1802
79,2225
7,2823
25,082
34,1345
2,3135
42,3613
65,0326
50,3367
36,681
65,6217
28,6691
30,0327
41,3505
79,3408
6,6237
57,8486
63,0665
22,9822
3,4723
81,4562
2,8555
50,2437
50,9836
22,1634
48,3448
28,141
52,7134
52,1758
29,1421
0,0037
52,5571
21,5636
39,9889
3,0721
0,0022
41,3876
76,4973
64,1982
49,7074
1,4973
37,5832
0,009
47,2764
32,9412
16,687
46,0286
53,9719
33,9382
36,2041
60,645
39,1761
37,1361
1,4606
45,6938
46,3585
23,5956
74,4873
18,5997
44,1493
39,509
57,6008
1,7707
36,0316
29,0069
54,4954
4,8792
60,6726
41,5865
26,2804
2,9235
23,4109
47,1404
68,3162
18,152
4,168
123,7823
65,056
46,9828
26,4182
30,9928
29,2875
21,1419
24,2694
47,6256
49,3411
2,921
23,5664
18,0142
54,5478
1,9127
23,4747
34,9293
16,5046
36,1681
86,459
23,857
28,4165
20,7272
2,4764
27,1679
32,8931
79,1144
23,1432
35,501
58,3042
54,8544
36,7582
89,9599
15,1608
1,6748
17,9696
9,8398
6,4082
2,5622
1,148
45,7911
7,4975
73,6596
12,891
5,0969
29,9114
5,3729
6,3774
6,4503
49,9678
37,4915
14,9645
1,9715
20,3946
1,2738
28,023
23,4603
2,9042
3,3384
16,3504
0,8987
4,7578
0,851
3,3338
0,3644
31,5892
3,0833
11,329
2,8258
46,664
2,2221
50,6862
45,3052
31,9026
30,7273
48,1787
30,0896
31,4758
72,9997
47,1506
5,9004
71,1778
36,3594
42,5099
71,292
23,8495
21,3052
39,6223
34,1921
4,6956
25,9767
21,7095
82,2905
4,4687
34,3712
18,0768
39,7603
36,603
37,5826
55,157
21,6913
38,7732
31,5028
38,8099
34,2219
62,9623
2,7814
17,7292
34,6573
12,1363
54,9374
53,4706
60,2084
30,51
60,2362
3,0429
78,9755
71,5202
42,7296
52,7436
70,6289
58,2854
47,8278
33,5824
11,1752
98,0456
57,6195
72,9928
46,2826
69,7259
99,3591
81,8632
56,4209
106,0302
39,9415
36,3691
10,5677
91,3782
56,0134
59,6026
29,4865
38,1064
59,1917
85,1249
15,646
99,3994
57,0859
10,3077
4,705
76,2291
126,8712
72,0202
96,1196
12,7273
43,2005
5,613
60,7949
68,1279
46,7571
32,6116
26,2875
27,5285
32,4673
0,7723
1,7322
131,3791
0,5952
77,4915
48,8663
46,6136
98,241
90,7319
63,5529
47,7756
2,8087
75,456
60,3508
59,0381
43,2105
79,4992
66,2718
49,9585
63,8052
50,6184
35,7688
49,5702
3,6123
160,5835
96,0266
100,3784
108,8987
35,7238
95,5454
168,0438
3,604
70,931
60,8098
87,3021
51,1323
1,1081
77,4853
74,1863
45,5692
80,2815
116,3076
93,5103
2,7551
69,0147
38,7349
144,434
1,9374
85,5004
1,5133
95,6048
66,3737
42,2737
53,179
51,9045
63,7715
97,7456
5,8857
32,4056
78,2048
36,4809
49,0592
50,3258
70,2527
27,4759
24,0544
71,1483
79,2518
97,0374
1,0046
21,013
53,3063
82,3461
7,5677
28,3314
34,8344
6,535
34,7318
69,6174
53,4254
34,5341
59,1397
33,3497
26,3375
42,2672
82,4341
4,6991
68,3878
56,6651
23,0104
9,0117
71,0111
2,8619
49,8245
62,2974
21,1834
45,1617
31,8291
35,0176
58,0842
27,3183
0,0039
68,1186
25,5926
54,393
71,5914
12,0613
47,7829
76,7281
28,2589
87,4549
1,4977
37,7704
53,7772
48,862
33,858
17,1968
62,8202
54,7836
34,1985
36,703
60,6321
36,9609
36,7625
1,5475
44,8384
45,2818
23,6889
74,0932
17,9471
43,7605
39,0151
56,9687
1,7571
36,266
30,4321
53,3398
4,8402
60,3774
41,3341
25,7962
2,5681
22,664
46,4608
66,1046
17,941
4,3488
133,4266
68,33
48,7909
25,9244
30,6021
29,942
21,61
24,0226
46,4194
46,0761
2,7056
22,2884
16,9554
55,0284
1,8896
23,4746
34,7099
16,3026
35,6662
86,9788
23,5005
28,3633
19,9233
2,4607
26,9697
31,8051
80,0359
23,1521
34,8533
50,0734
46,5479
30,957
73,938
14,2595
1,6346
17,4989
9,7874
6,4049
2,549
1,2131
38,9098
6,3427
70,548
12,7837
5,0929
29,1382
5,2493
6,0741
6,1546
46,1999
36,0222
14,578
1,963
20,2558
1,178
24,4812
22,201
2,8031
3,3205
15,7728
0,8903
4,7255
0,8505
3,1599
0,3612
28,8319
3,0525
11,2967
2,8424
46,2464
2,215
50,794
44,8799
32,2671
35,4897
57,1224
33,006
37,8644
76,1843
47,1974
6,848
76,4458
30,7933
39,6693
71,2364
24,3792
21,6547
43,8235
35,6795
4,3755
25,766
26,0291
83,022
5,2841
36,61
18,0269
38,9583
37,1205
37,6591
57,3872
21,615
39,2427
33,6101
38,2737
33,2242
62,9175
2,7563
17,6046
34,3709
12,0824
54,5576
54,7113
56,6793
30,4108
62,7211
3,0222
80,33
69,6605
41,938
52,5406
69,5135
58,6593
48,9397
33,7581
11,0753
89,8337
58,5728
71,4054
49,9855
69,4599
101,5167
81,885
56,6076
104,9251
38,6118
35,2841
9,5903
90,5975
56,5527
61,0459
29,131
38,0019
58,8825
84,5682
15,3345
97,5111
56,8198
10,5362
4,5363
76,1785
128,5878
70,5781
93,1018
12,2142
43,2766
5,7324
59,0704
68,0032
47,6794
33,487
26,2844
26,7472
32,0439
0,7344
1,7243
130,2321
0,5938
69,8232
40,4026
41,0629
83,9956
83,6603
60,8027
47,548
2,7956
74,9416
57,5899
57,0485
42,8497
79,8731
66,4028
51,4141
64,8689
50,6903
36,4322
48,9161
3,633
159,2139
95,4315
101,5282
109,4222
34,0259
94,4869
167,1716
3,5839
70,5604
61,0205
86,2246
48,2939
1,106
74,5035
72,6265
45,336
80,3122
115,1176
84,7251
2,7257
66,6911
38,2435
143,1991
1,9294
88,3435
1,5765
94,572
65,7497
42,0317
51,8543
51,4246
62,9892
99,0627
5,6578
31,8192
78,6067
35,4301
48,4028
49,6268
77,2701
27,293
23,9629
70,0087
77,6543
116,0582
1,0332
20,9323
53,3461
81,3134
7,2763
27,4845
34,4218
19,5206
34,679
69,2167
53,8349
35,4544
62,4076
34,743
26,5037
42,444
82,3368
4,6747
68,2911
56,3759
23,4516
8,9162
70,0791
2,8495
50,137
71,2146
21,1445
45,7312
26,2381
35,2045
50,7858
22,5687
15,2928
50,3077
21,1078
45,0677
74,4553
3,0576
43,1695
70,8917
33,8903
101,7868
1,4804
36,5944
51,8629
47,5463
26,4664
37,0683
46,8564
126,5994
79,0434
43,6534
75,8295
45,248
44,9085
1,4843
53,2672
54,2883
28,2922
85,1764
19,4267
49,676
56,3198
71,2632
1,7735
37,9257
29,1753
53,7125
6,0583
61,9501
41,97
61,4215
3,5702
28,6051
51,6688
83,553
20,3399
4,7069
137,9558
77,5969
51,6967
29,2625
34,6984
30,3653
23,3849
25,8079
50,3391
48,4569
2,7518
24,2161
17,4055
57,9092
1,9572
26,2094
37,0344
17,1936
37,4812
81,8924
25,2
30,5337
21,0207
2,5104
28,9806
32,9087
78,748
21,9338
34,8246
52,6087
50,8606
34,4614
79,7837
16,3482
1,6936
18,7578
12,4756
7,3401
2,5793
1,2865
39,3777
6,3772
74,3624
13,4608
5,0943
28,8045
5,4767
6,0109
6,2958
45,9644
35,9201
14,397
1,9635
20,2796
1,1797
25,838
22,2233
2,9809
3,2255
15,7007
0,8924
4,7301
0,8476
3,3788
0,365
29,586
3,0705
11,2873
2,9023
48,0862
2,2107
50,968
45,8168
32,6393
29,425
48,1392
29,0322
30,0107
64,686
48,5829
5,9654
70,7555
30,6745
38,6125
64,0896
22,6599
20,1919
38,3335
32,3077
4,4542
25,0103
21,2105
79,0701
4,5166
34,2314
17,8738
38,3595
36,8941
37,3302
56,8656
21,6751
38,5898
31,5224
26,9227
38,2078
54,949
10,0885
17,6905
34,8962
12,1006
55,319
42,6519
54,4431
29,1278
60,4434
3,2704
87,1355
70,8204
35,9734
52,7374
72,8865
61,3927
45,4147
32,901
10,5747
72,3642
57,7205
70,7766
45,7164
78,5885
108,0747
84,1295
59,2145
101,496
29,5643
40,2799
3,7564
90,4112
53,8092
59,3694
36,3323
38,6585
55,6149
81,2926
13,0807
99,2611
55,5252
9,9015
9,6729
73,3858
142,1214
72,158
104,4333
17,9694
43,0256
5,5716
59,0888
65,7768
45,8637
37,0739
23,7891
29,3522
30,9324
0,7255
1,7198
127,2048
0,6045
73,2039
40,2144
40,3875
89,0864
88,1397
60,9682
50,146
2,7973
71,8327
61,4615
57,4104
42,0587
76,2107
63,7858
49,4856
63,4801
50,1032
36,6545
48,4403
3,6049
155,4053
95,6306
95,1765
118,6678
33,8808
92,1041
175,0991
3,4845
74,6716
50,7198
92,9108
49,4704
1,0989
67,5119
82,9032
46,9265
77,1964
113,1893
67,8487
2,7642
69,6839
39,0304
164,3823
1,9389
84,4896
1,419
96,6705
68,0727
41,9046
48,4268
51,2261
69,189
81,7413
11,3177
27,3984
78,2908
47,7629
54,1189
48,093
49,9305
29,4695
18,7673
76,4954
62,3687
95,5168
1,0023
20,9897
60,3504
69,6115
7,286
31,7618
34,0162
2,4465
40,0995
63,1817
50,4004
36,054
64,3151
33,2579
31,9168
41,4356
78,6061
4,6812
69,5467
55,9161
33,3924
3,4646
68,8605
2,9829
50,3745
48,5352
15,5724
45,4363
32,2203
41,3244
50,8688
25,2336
12,7742
52,0588
21,0634
39,8608
81,4195
3,0666
42,7529
75,448
28,1973
104,2821
1,4905
36,377
51,4081
49,4069
42,5366
16,5451
58,87
37,4645
96,3795
63,6389
41,6662
38,382
27,7353
63,0812
2,2046
25,6285
56,283
3,896
75,7395
40,3415
39,1359
37,7652
1,3464
39,3011
55,4048
38,3597
60,0555
37,5818
66,2349
35,7447
11,0729
100,4521
30,2056
43,4661
57,8491
28,4345
49,0732
58,3753
35,2113
35,508
85,5674
54,9881
35,4504
36,511
64,9155
37,5331
39,161
1,5008
47,179
48,1459
24,438
79,7806
24,5918
46,8783
41,9591
65,5473
2,4794
51,2975
38,9875
75,4485
8,0471
69,9598
45,0645
30,3896
2,6613
23,6619
47,9291
67,2014
18,3405
4,2567
127,9139
66,8104
46,5507
26,5075
31,6788
33,5226
21,0974
24,4579
47,1014
46,6365
2,7528
22,7256
17,2346
54,6122
2,2275
24,7945
35,1065
16,5988
35,2487
82,6191
23,7884
28,4914
20,5497
2,4933
27,3634
32,1518
79,9517
22,4973
34,7783
50,7143
46,9394
32,8631
72,8821
14,4014
1,6576
17,7902
11,0757
6,5066
2,7256
1,1611
38,956
6,6585
72,8116
13,1428
5,2528
29,1113
5,5823
6,1353
6,3838
49,7474
36,3006
14,6418
1,9929
20,7583
1,1942
25,3019
23,3917
2,8436
3,2688
15,2795
0,9022
4,8645
0,8588
3,1929
0,3662
29,3126
3,0986
11,3546
2,8543
46,0184
2,2425
51,5936
45,6752
32,4351
29,6883
48,056
29,2995
29,3671
65,7478
48,6867
6,1247
78,2148
34,1355
42,9466
70,1778
23,0264
24,5
39,4792
33,5441
4,4409
27,7712
21,9304
80,1524
4,8426
36,0675
18,5498
38,9176
40,4522
38,1004
55,6674
22,5114
38,9537
32,1644
37,6983
32,9728
63,016
2,8192
17,882
35,0869
12,2337
58,5109
55,1196
59,7464
31,0198
62,1889
3,0641
81,5716
70,5271
38,1734
54,9682
75,4026
59,8511
48,5393
31,1288
10,6444
76,9985
57,4726
71,4005
47,7447
70,6845
99,0601
83,3086
61,3648
104,7266
35,2374
35,6539
10,2279
119,2486
90,9968
64,1814
30,5751
37,4937
62,5119
79,7801
15,5885
99,7545
67,6812
10,1544
4,3885
77,8127
138,9449
70,7385
91,1581
12,9423
47,3082
5,8404
69,6782
63,0927
43,7246
41,4493
24,062
33,9706
30,776
0,7427
1,7506
131,4133
0,6015
69,5844
39,6592
42,4526
88,5313
81,5548
61,4361
47,9525
2,8376
77,7324
59,0612
56,5835
44,1638
81,1875
67,0867
50,1206
64,5944
51,9354
35,9671
49,015
3,645
160,8375
96,7517
99,7449
110,1133
34,2372
95,0964
170,6163
3,7804
70,3647
61,6991
86,0784
49,2232
1,1156
74,3328
74,9756
45,5809
80,2935
114,517
87,3482
2,7895
67,793
38,431
145,9796
1,9606
88,6607
1,787
99,8153
67,9438
42,8608
53,3858
52,4086
65,7574
97,963
5,8037
32,5367
79,4623
35,9915
49,3086
56,4814
62,7765
27,4691
24,1748
77,1414
68,1832
95,4485
1,0192
21,3738
58,111
92,6267
8,0779
28,8793
42,3111
2,4205
44,8999
65,6638
58,9736
37,0854
70,2769
29,8161
33,3584
41,9185
89,3031
4,8532
65,5475
58,4753
28,9278
3,3881
70,024
8,2606
51,2518
51,3109
16,2987
44,8548
31,9821
42,2358
53,2291
20,1582
18,773
48,5449
27,0782
45,1051
70,9121
3,211
43,7478
73,4732
33,8228
75,8435
1,5148
40,7824
65,7247
50,2234
33,4348
17,351
44,7203
35,429
98,104
66,0945
40,9697
34,5043
28,3495
63,437
2,203
26,4878
50,8064
4,331
85,7018
38,0724
37,5818
41,0114
1,2816
35,5874
52,263
39,1304
64,4355
39,6346
75,5316
31,7426
16,3333
102,4623
26,1007
45,0861
60,4812
34,1269
31,6968
56,0607
52,434
34,9321
42,5963
86,4463
53,0876
33,0196
34,9804
61,7392
37,8158
37,4519
1,465
44,3039
45,1986
23,8438
73,2684
17,9893
43,9436
39,4269
57,3649
1,7704
36,2848
31,7549
62,736
5,4071
73,9529
52,4365
28,9824
2,6123
23,0409
50,8926
69,7615
18,4091
4,1671
131,9281
67,1097
50,5578
31,8214
38,2371
29,8091
21,2292
24,1896
46,5097
46,6681
2,7249
22,5394
17,2246
55,1962
2,0428
24,6795
35,1269
16,4701
35,3201
80,1742
23,6359
27,785
20,1088
2,4737
27,2914
31,8652
81,1773
22,1324
34,7499
50,5284
46,454
32,3111
75,4425
14,3348
1,6405
17,6395
9,6691
6,4407
2,8194
1,1302
38,47
6,4257
73,6108
13,0047
5,2424
28,9322
5,4199
6,0451
6,5273
46,7325
39,2725
17,3928
2,1788
21,7863
1,2099
27,0369
23,8122
3,22
3,3881
18,4342
0,9232
5,0468
0,8786
3,7113
0,3399
31,3298
3,1349
12,4216
2,892
49,9513
3,1966
54,9371
48,3401
33,4385
29,8554
48,1994
29,2057
29,0814
67,0116
46,7298
5,8984
71,6435
30,1925
38,5689
64,2956
22,806
20,0106
38,8033
32,203
4,3966
24,9673
21,2442
79,7922
4,5951
34,4662
18,2189
39,2991
38,6013
37,887
55,2097
22,1769
38,7153
33,1686
37,4176
32,6539
62,1067
2,783
17,6839
34,4129
12,1459
54,6358
53,0644
63,3413
30,7199
59,8477
3,3314
79,1161
70,704
42,3854
52,4856
70,0413
58,1869
48,5804
33,8357
11,0384
92,5409
56,6829
73,5788
48,092
69,438
100,442
83,4089
57,1061
105,7982
38,8368
35,4805
9,7338
91,3
67,1385
70,704
38,8054
48,7179
58,7053
92,3165
16,4961
97,9035
61,2048
10,505
4,5252
81,2694
128,6065
70,9131
93,0863
12,3038
43,7444
5,8222
59,6846
68,7213
48,697
32,6275
26,3196
33,1157
32,3779
0,7371
1,7312
134,2783
0,5978
68,1622
39,4252
42,1762
81,6051
82,0645
61,4025
50,623
2,8022
68,4248
64,2521
86,5587
41,5834
73,8576
82,6597
52,0887
57,1978
50,3083
43,1558
45,8615
3,7057
154,2347
146,5879
98,44
102,7446
39,7415
96,6879
168,3837
20,3445
73,7428
50,7903
105,6892
46,4711
1,3531
77,6504
73,0057
47,9202
78,8811
113,7086
72,8704
2,7796
65,2132
38,7875
161,5432
1,9349
97,2896
1,4583
112,4357
65,667
42,0916
51,3835
83,7466
74,2576
88,8385
5,8043
27,4656
76,3082
41,6049
45,5389
48,534
53,7734
33,6141
21,3497
72,8129
67,6621
96,9724
1,1064
21,0877
53,9098
80,9352
7,3192
27,2113
34,1683
2,3064
34,6771
77,3218
52,9147
33,8727
59,8633
36,845
26,2471
41,8072
87,0807
5,018
66,5976
57,6367
24,581
3,6554
77,6813
3,1103
51,6304
64,8379
27,9095
55,6668
34,1512
45,5139
50,6776
31,1981
13,9775
85,5201
29,4209
39,8677
71,8341
3,0722
43,2675
76,1494
38,1278
75,792
1,5008
37,2418
49,63
48,0838
32,2846
16,7092
45,0498
36,2791
95,765
64,5058
40,77
15,3052
33,2102
60,9865
2,186
31,5028
51,6627
4,1969
81,9467
38,571
32,0041
42,6363
1,3432
50,0774
53,5452
38,9272
75,7455
33,9399
93,8743
36,5625
12,2979
98,9625
28,533
42,9111
62,0069
27,2118
31,5405
51,5894
53,4492
37,5391
31,3556
92,3525
35,6821
60,5686
73,8914
30,4829
68,5697
47,9338
17,8198
39,7692
38,4962
55,8907
62,6661
65,9702
111,4806
1,3675
32,8989
27,5034
10,2561
118,156
71,5696
11,7779
70,1972
41,9822
43,6653
4,6422
73,1919
1,3478
87,2679
45,1458
38,2778
60,4439
20,8299
32,8931
24,6616
67,9169
45,1245
44,8206
29,0812
44,2396
26,2965
65,3705
35,6277
37,0359
65,2427
37,662
39,4905
1,523
55,8418
48,419
24,6828
78,476
18,7612
49,891
43,215
61,0601
1,8252
38,0871
31,3416
57,3779
5,195
64,3835
42,1227
26,3341
2,6185
23,9561
47,257
67,3825
18,5414
4,2262
129,5858
66,9995
48,683
27,0979
32,046
28,8238
21,6387
24,4849
46,9246
47,1177
2,8466
22,7198
17,3099
55,6414
1,9284
23,8838
35,1485
16,7261
35,2827
82,6453
25,3675
29,0403
20,6958
2,5156
27,6945
32,387
79,4781
23,1181
35,3145
51,0733
47,024
31,5268
73,2593
14,4408
1,665
18,1931
9,8974
6,9472
2,6509
1,1434
39,9294
7,1496
72,1647
12,8004
5,245
34,3587
6,3485
6,565
6,6013
58,097
44,154
21,9876
2,5392
25,4113
1,2238
29,4529
23,0097
2,8554
3,2999
15,8747
0,9101
4,9567
0,8652
3,1957
0,3509
36,5716
3,1953
11,6192
3,077
49,3722
2,2542
51,834
45,696
34,8901
30,9497
48,6282
31,6198
30,0976
70,0009
53,2876
6,4502
79,7759
33,2812
39,8204
67,8931
23,9091
20,8262
44,4148
33,483
4,4569
25,7086
21,3972
80,6952
4,5688
35,8089
18,21
39,8683
36,9833
38,57
56,2539
22,1728
41,175
33,0451
38,4093
33,1171
63,198
2,8305
17,9811
35,5304
12,377
55,7056
55,8675
55,9342
32,9887
61,1887
3,0785
81,7761
71,136
43,4594
53,8811
72,1726
59,4569
50,3067
34,1744
11,2675
93,1931
58,4132
72,508
47,289
70,7375
102,153
84,286
57,33
107,4619
39,6366
36,2312
10,4399
93,7464
57,1142
62,8587
30,1732
38,8083
60,1337
86,0167
15,5943
100,6075
57,964
10,3876
4,7226
77,4122
131,8343
72,4472
94,8779
12,5449
44,9114
5,7475
60,3254
69,2316
48,273
33,8251
26,7725
27,6085
32,65
0,7707
1,7514
133,1239
0,6046
70,4209
40,7062
41,4232
88,5219
84,4
64,4886
55,6482
3,9326
100,6471
65,7121
59,5959
47,2743
89,8528
70,056
51,0858
68,1326
53,3734
35,988
49,4514
3,7427
158,3706
97,6936
100,2906
110,2797
34,5809
95,9731
173,3831
3,6795
72,1131
61,3825
86,9213
49,5037
1,2171
75,0325
73,6842
47,2565
81,4419
115,2411
88,9184
3,2101
68,4275
39,7195
146,3017
1,962
86,744
1,5185
96,8699
67,8165
42,8207
52,3076
53,5857
64,0205
98,3379
5,9115
33,2785
78,3188
36,2757
49,5887
50,3594
71,2721
27,7146
24,399
72,0626
79,4508
112,3213
1,0248
21,3302
54,3747
83,4375
7,5058
27,6368
35,1467
15,8191
35,1439
70,0352
53,6596
34,9121
60,2871
34,5028
26,6833
42,9547
86,3004
4,929
68,9224
57,7408
23,2398
9,9307
75,0044
2,896
50,9134
59,8718
22,6673
45,6987
26,5559
34,9308
52,1608
23,104
15,5901
51,1393
21,3361
45,1235
77,1592
3,1347
43,8735
71,64
34,5083
91,8332
1,5067
37,3568
52,7814
47,9254
27,3687
37,7475
63,2549
44,9309
123,3921
65,1795
50,785
39,7891
28,3004
63,3276
2,2072
26,1429
54,8212
10,0167
81,4128
42,1437
58,2449
42,848
1,2891
40,36
54,0643
39,4633
62,657
39,7487
73,2991
36,4937
11,2735
100,8983
29,982
44,7814
58,4146
30,5382
26,1298
48,8607
65,4357
30,0733
36,9718
88,6428
35,1579
56,195
68,621
28,3367
21,0769
64,7279
50,7406
21,0491
33,1647
40,7535
59,3372
65,7835
60,4268
36,5949
115,6483
1,4407
72,3108
28,2367
32,8838
4,3912
99,726
81,6093
10,57
63,7402
44,3089
44,6159
4,5083
79,9309
1,2978
81,8628
48,9281
39,5445
58,5831
26,2631
36,8457
25,4055
66,529
54,1435
46,3192
24,1084
41,6671
29,674
55,4196
33,6517
35,193
63,2436
37,0987
36,7285
1,4541
45,3366
45,8802
23,6277
73,0433
18,0117
44,4293
39,5304
57,9532
1,7608
36,1872
28,6965
52,9377
4,929
60,2653
42,392
26,4817
2,5712
22,7537
47,0907
67,6644
17,9765
4,1508
117,9367
64,5518
46,4648
26,1222
31,1271
30,1022
22,4982
24,7668
47,7103
46,7684
2,7055
22,4412
16,9837
54,2405
1,8929
24,0777
35,0901
16,3623
35,1253
75,75
23,5837
27,7649
20,1752
2,4612
27,3202
33,0013
79,3876
22,3665
34,9722
50,2917
46,4946
30,9624
84,5481
15,3061
1,7158
20,9005
12,2209
7,1942
2,6836
1,1482
49,8098
9,5386
79,0675
13,126
5,6099
30,0616
8,0767
7,1968
6,4303
47,571
35,9097
14,8651
1,964
21,4186
1,1706
24,6956
24,7801
3,1247
3,4038
16,7177
0,8942
4,7306
0,8528
3,4601
0,3666
29,7941
3,0882
11,2691
2,8146
47,5356
2,3008
51,488
46,2616
32,3139
29,9824
47,6365
28,8026
29,3844
64,8795
46,9171
5,8671
70,7443
29,9512
38,3655
64,2863
23,2248
20,7169
38,5733
32,2449
4,688
24,9678
20,9178
79,0988
4,5333
34,0756
18,1421
37,9468
35,9512
37,5881
54,9124
21,9556
38,825
32,1066
37,5123
33,1204
62,7589
2,7674
17,6299
34,4047
12,9861
54,7762
52,6804
50,6485
30,1379
60,3927
3,1442
80,6369
69,8748
42,6213
52,5718
70,1838
58,1593
47,7453
33,7944
10,9495
93,2234
58,5419
71,0564
46,0117
68,631
102,0895
82,982
57,539
105,973
38,6907
35,3252
9,6429
91,1334
56,1396
59,2122
29,0193
38,0457
58,6302
86,0522
15,6246
98,1259
56,8645
10,3026
4,4979
76,1167
127,4097
70,5949
95,7606
12,3648
45,3416
5,7298
60,1114
68,4328
46,5354
32,639
26,4659
26,9634
36,3884
0,7227
1,7324
126,8551
6,5662
69,1378
40,4541
40,5324
87,2175
81,8108
60,6335
47,4128
2,9254
74,4337
58,4655
56,3101
42,0005
79,6189
65,6201
49,931
64,2591
52,5781
35,5502
50,6661
3,5898
156,5322
94,6204
100,4752
122,9126
34,9549
94,7672
171,3012
3,5867
70,8094
61,836
84,9158
49,5128
1,0952
74,2555
72,9022
47,1459
80,4879
112,8679
80,5465
2,6361
73,9878
37,9995
146,9277
2,1581
86,0287
1,4911
95,4006
74,06
46,6631
54,9909
57,5293
76,1395
107,7038
5,648
33,4074
78,5088
37,1649
56,5586
56,8912
63,387
28,2387
23,9473
76,4625
67,2545
94,9716
0,9979
21,4351
53,6802
76,7851
7,2516
23,464
33,2988
2,3053
43,6266
59,9257
51,8558
36,9736
74,1602
27,6611
31,226
41,2782
86,984
5,0617
75,6934
56,5185
28,4988
3,4166
69,1797
8,2749
51,7054
56,2695
19,6963
50,7381
42,6423
50,0504
56,6451
21,4049
22,8219
51,3033
26,7307
46,8339
74,8813
3,1317
44,0996
77,6721
34,4375
80,5275
1,5146
39,0839
61,6916
52,3289
34,3793
17,6662
48,0192
37,7218
100,6763
66,3354
45,5822
34,3831
29,1937
63,8153
2,3128
27,077
52,052
4,005
97,7684
44,5438
41,5043
44,793
1,7546
37,171
53,6556
38,7087
63,9888
39,2284
74,613
30,4141
16,1296
99,3003
25,7187
44,5411
58,5227
34,2322
32,372
55,6318
51,7153
35,2542
39,5564
83,7405
34,7246
55,7817
67,0823
34,1876
16,6946
67,4261
47,2743
17,9129
37,7944
40,2466
54,3772
58,2737
69,6067
32,2795
118,9782
1,3614
62,369
34,7792
42,7504
3,9291
94,9354
77,5467
10,2946
63,2181
40,245
45,1163
4,608
92,2523
1,3028
91,3106
48,3411
34,762
73,7788
20,352
28,8318
23,9983
63,4279
48,3622
47,0752
29,8115
42,5684
28,5371
